#' Advent of Code 2022 solutions
#' @export

aoc_solutions <- list(

  day01a = 72602,
  day01b = 207410,

  day02a = 12740,
  day02b = 11980,

  day03a = 8401,
  day03b = 2641,

  day04a = 547,
  day04b = 843,

  day05a = "VPCDMSLWJ",
  day05b = "TPWCGNCCG",

  day06a = 1300,
  day06b = 3986,

  day07a = NA,
  day07b = NA,

  day08a = 1711,
  day08b = 301392,

  day09a = 6367,
  day09b = NA,

  day10a = NA,
  day10b = NA,

  day11a = NA,
  day11b = NA,

  day12a = NA,
  day12b = NA,

  day13a = NA,
  day13b = NA,

  day14a = NA,
  day14b = NA,

  day15a = NA,
  day15b = NA,

  day16a = NA,
  day16b = NA,

  day17a = NA,
  day17b = NA,

  day18a = NA,
  day18b = NA,

  day19a = NA,
  day19b = NA,

  day20a = NA,
  day20b = NA,

  day21a = NA,
  day21b = NA,

  day22a = NA,
  day22b = NA,

  day23a = NA,
  day23b = NA,

  day24a = NA,
  day24b = NA,

  day25a = NA,
  day25b = NA

)
